2018/09/13-21:31:36.079721 7fce8eaae700 RocksDB version: 5.10.3
2018/09/13-21:31:36.079773 7fce8eaae700 Git sha rocksdb_build_git_sha:
2018/09/13-21:31:36.079775 7fce8eaae700 Compile date Feb 26 2018
2018/09/13-21:31:36.079776 7fce8eaae700 DB SUMMARY
2018/09/13-21:31:36.079881 7fce8eaae700 CURRENT file:  CURRENT
2018/09/13-21:31:36.079882 7fce8eaae700 IDENTITY file:  IDENTITY
2018/09/13-21:31:36.079895 7fce8eaae700 MANIFEST file:  MANIFEST-000164 size: 324 Bytes
2018/09/13-21:31:36.079897 7fce8eaae700 SST files in ./teststorage dir, Total Num: 6, files: 000054.sst 000078.sst 000155.sst 000157.sst 000160.sst 000163.sst 
2018/09/13-21:31:36.079899 7fce8eaae700 Write Ahead Log file in ./teststorage: 000165.log size: 112 ; 
2018/09/13-21:31:36.079903 7fce8eaae700                         Options.error_if_exists: 0
2018/09/13-21:31:36.079904 7fce8eaae700                       Options.create_if_missing: 1
2018/09/13-21:31:36.079905 7fce8eaae700                         Options.paranoid_checks: 1
2018/09/13-21:31:36.079905 7fce8eaae700                                     Options.env: 0x7fce5fffb200
2018/09/13-21:31:36.079906 7fce8eaae700                                Options.info_log: 0x7fce889e1210
2018/09/13-21:31:36.079907 7fce8eaae700                Options.max_file_opening_threads: 16
2018/09/13-21:31:36.079907 7fce8eaae700                              Options.statistics: (nil)
2018/09/13-21:31:36.079908 7fce8eaae700                               Options.use_fsync: 0
2018/09/13-21:31:36.079909 7fce8eaae700                       Options.max_log_file_size: 0
2018/09/13-21:31:36.079909 7fce8eaae700                  Options.max_manifest_file_size: 18446744073709551615
2018/09/13-21:31:36.079910 7fce8eaae700                   Options.log_file_time_to_roll: 0
2018/09/13-21:31:36.079911 7fce8eaae700                       Options.keep_log_file_num: 1000
2018/09/13-21:31:36.079911 7fce8eaae700                    Options.recycle_log_file_num: 0
2018/09/13-21:31:36.079912 7fce8eaae700                         Options.allow_fallocate: 1
2018/09/13-21:31:36.079912 7fce8eaae700                        Options.allow_mmap_reads: 0
2018/09/13-21:31:36.079913 7fce8eaae700                       Options.allow_mmap_writes: 0
2018/09/13-21:31:36.079914 7fce8eaae700                        Options.use_direct_reads: 0
2018/09/13-21:31:36.079914 7fce8eaae700                        Options.use_direct_io_for_flush_and_compaction: 0
2018/09/13-21:31:36.079915 7fce8eaae700          Options.create_missing_column_families: 0
2018/09/13-21:31:36.079915 7fce8eaae700                              Options.db_log_dir: 
2018/09/13-21:31:36.079916 7fce8eaae700                                 Options.wal_dir: ./teststorage
2018/09/13-21:31:36.079916 7fce8eaae700                Options.table_cache_numshardbits: 6
2018/09/13-21:31:36.079917 7fce8eaae700                      Options.max_subcompactions: 1
2018/09/13-21:31:36.079918 7fce8eaae700                  Options.max_background_flushes: -1
2018/09/13-21:31:36.079918 7fce8eaae700                         Options.WAL_ttl_seconds: 0
2018/09/13-21:31:36.079919 7fce8eaae700                       Options.WAL_size_limit_MB: 0
2018/09/13-21:31:36.079919 7fce8eaae700             Options.manifest_preallocation_size: 4194304
2018/09/13-21:31:36.079920 7fce8eaae700                     Options.is_fd_close_on_exec: 1
2018/09/13-21:31:36.079921 7fce8eaae700                   Options.advise_random_on_open: 1
2018/09/13-21:31:36.079921 7fce8eaae700                    Options.db_write_buffer_size: 0
2018/09/13-21:31:36.079922 7fce8eaae700                    Options.write_buffer_manager: 0x7fce889db980
2018/09/13-21:31:36.079922 7fce8eaae700         Options.access_hint_on_compaction_start: 1
2018/09/13-21:31:36.079923 7fce8eaae700  Options.new_table_reader_for_compaction_inputs: 0
2018/09/13-21:31:36.079924 7fce8eaae700           Options.random_access_max_buffer_size: 1048576
2018/09/13-21:31:36.079924 7fce8eaae700                      Options.use_adaptive_mutex: 0
2018/09/13-21:31:36.079925 7fce8eaae700                            Options.rate_limiter: (nil)
2018/09/13-21:31:36.079926 7fce8eaae700     Options.sst_file_manager.rate_bytes_per_sec: 0
2018/09/13-21:31:36.079986 7fce8eaae700                       Options.wal_recovery_mode: 2
2018/09/13-21:31:36.079987 7fce8eaae700                  Options.enable_thread_tracking: 0
2018/09/13-21:31:36.079988 7fce8eaae700                  Options.enable_pipelined_write: 0
2018/09/13-21:31:36.079988 7fce8eaae700         Options.allow_concurrent_memtable_write: 1
2018/09/13-21:31:36.079989 7fce8eaae700      Options.enable_write_thread_adaptive_yield: 1
2018/09/13-21:31:36.079989 7fce8eaae700             Options.write_thread_max_yield_usec: 100
2018/09/13-21:31:36.079990 7fce8eaae700            Options.write_thread_slow_yield_usec: 3
2018/09/13-21:31:36.079991 7fce8eaae700                               Options.row_cache: None
2018/09/13-21:31:36.079991 7fce8eaae700                              Options.wal_filter: None
2018/09/13-21:31:36.079992 7fce8eaae700             Options.avoid_flush_during_recovery: 0
2018/09/13-21:31:36.079993 7fce8eaae700             Options.allow_ingest_behind: 0
2018/09/13-21:31:36.079993 7fce8eaae700             Options.preserve_deletes: 0
2018/09/13-21:31:36.079994 7fce8eaae700             Options.two_write_queues: 0
2018/09/13-21:31:36.079994 7fce8eaae700             Options.manual_wal_flush: 0
2018/09/13-21:31:36.079995 7fce8eaae700             Options.max_background_jobs: 2
2018/09/13-21:31:36.079996 7fce8eaae700             Options.max_background_compactions: -1
2018/09/13-21:31:36.079996 7fce8eaae700             Options.avoid_flush_during_shutdown: 0
2018/09/13-21:31:36.079997 7fce8eaae700           Options.writable_file_max_buffer_size: 1048576
2018/09/13-21:31:36.079997 7fce8eaae700             Options.delayed_write_rate : 16777216
2018/09/13-21:31:36.079998 7fce8eaae700             Options.max_total_wal_size: 0
2018/09/13-21:31:36.079999 7fce8eaae700             Options.delete_obsolete_files_period_micros: 21600000000
2018/09/13-21:31:36.079999 7fce8eaae700                   Options.stats_dump_period_sec: 600
2018/09/13-21:31:36.080000 7fce8eaae700                          Options.max_open_files: -1
2018/09/13-21:31:36.080000 7fce8eaae700                          Options.bytes_per_sync: 0
2018/09/13-21:31:36.080001 7fce8eaae700                      Options.wal_bytes_per_sync: 0
2018/09/13-21:31:36.080002 7fce8eaae700       Options.compaction_readahead_size: 0
2018/09/13-21:31:36.080002 7fce8eaae700 Compression algorithms supported:
2018/09/13-21:31:36.080003 7fce8eaae700 	Snappy supported: 1
2018/09/13-21:31:36.080004 7fce8eaae700 	Zlib supported: 1
2018/09/13-21:31:36.080004 7fce8eaae700 	Bzip supported: 1
2018/09/13-21:31:36.080005 7fce8eaae700 	LZ4 supported: 1
2018/09/13-21:31:36.080005 7fce8eaae700 	ZSTDNotFinal supported: 1
2018/09/13-21:31:36.080006 7fce8eaae700 	ZSTD supported: 1
2018/09/13-21:31:36.080008 7fce8eaae700 Fast CRC32 supported: Not supported on x86
2018/09/13-21:31:36.080068 7fce8eaae700 [db/db_impl.cc:249] Shutdown: canceling all background work
2018/09/13-21:31:36.080080 7fce8eaae700 [db/db_impl.cc:379] Shutdown complete
